# Roof 
110 170 170 110 
170 110 260 110 
170 110 230 170 
260 110 320 170 
110 170 320 170 

# Walls
130 170 130 230 
210 170 210 230 
300 170 300 230 

# Roof window
160 140 160 160 
160 140 180 140 
160 160 180 140 
160 160 180 160 
180 140 180 160 

# Foundation
110 230 110 250 
110 230 320 230 
320 230 320 250 
110 250 320 250 

#Windows
140 190 160 190 
140 190 140 210 
160 190 160 210 
140 210 160 210 
150 190 150 210 
140 200 160 200 

180 190 200 190 
180 190 180 210 
200 190 200 210 
180 210 200 210 
190 190 190 210 
180 200 200 200 

230 190 250 190 
230 190 230 210 
250 190 250 210 
230 210 250 210 
240 190 240 210 
230 200 250 200 

# Door
260 190 290 190 
260 190 260 230 
280 190 280 230 
290 190 290 230 