10 490 560 430

# Roof 
110 330 170 390 A
170 390 260 390 B
170 390 230 330 C
260 390 320 330 D
110 330 320 330 E

# Walls
130 330 130 270
210 330 210 270
300 330 300 270 

# Roof window
160 360 160 340
160 360 180 360
160 340 180 360
160 340 180 340
180 360 180 340 

# Foundation
110 270 110 250
110 270 320 270
320 270 320 250
110 250 320 250 

#Windows
140 310 160 310
140 310 140 290
160 310 160 290
140 290 160 290
150 310 150 290
140 300 160 300 

180 310 200 310
180 310 180 290
200 310 200 290
180 290 200 290
190 310 190 290
180 300 200 300 

230 310 250 310
230 310 230 290
250 310 250 290
230 290 250 290
240 310 240 290
230 300 250 300 

# Door
260 310 290 310
260 310 260 270
280 310 280 270
290 310 290 270 